- OS: Windows-11-10.0.26100-SP0 10.0.26100
- Python: 3.13.5
- Stable-Baselines3: 2.6.0
- PyTorch: 2.7.1+cu118
- GPU Enabled: True
- Numpy: 2.2.6
- Cloudpickle: 3.1.1
- Gymnasium: 1.1.1
